# Created by Octave 4.2.1, Mon Feb 19 15:33:04 2018 GMT <unknown@unknown>
# name: M
# type: matrix
# rows: 4
# columns: 5
 1 2 1 3 5
 3 2 3 5 2
 5 3 5 6 6
 2 3 3 3 6


